3 0.315410 0.716510 0.019643 0.022877
3 0.259328 0.284877 0.016485 0.016908
3 0.258966 0.377872 0.012500 0.021519
3 0.292570 0.426931 0.016667 0.024338
3 0.360958 0.425778 0.015036 0.021519
3 0.427714 0.426034 0.014130 0.023057
3 0.460866 0.379153 0.013406 0.021007
3 0.462044 0.282699 0.015036 0.021776
1 0.405084 0.219729 0.012464 0.014773
1 0.424360 0.284249 0.010888 0.019724
1 0.404697 0.346955 0.008716 0.014183
0 0.391483 0.331887 0.004710 0.009991
1 0.359774 0.372020 0.010156 0.015290
1 0.316121 0.348667 0.007609 0.012297
0 0.328258 0.330606 0.006522 0.007942
0 0.392207 0.238508 0.005435 0.008198
0 0.328530 0.239148 0.006341 0.008454
1 0.296344 0.283898 0.009244 0.015523
1 0.314451 0.219846 0.007326 0.013241
1 0.361052 0.194843 0.011555 0.015523
3 0.259418 0.189192 0.013406 0.024338
3 0.293295 0.142823 0.013406 0.021263
3 0.360686 0.142567 0.012681 0.019726
3 0.427624 0.141542 0.015398 0.019726
3 0.461138 0.190729 0.012862 0.024850
1 0.293204 0.639692 0.007790 0.010247
1 0.259237 0.685805 0.006159 0.011784
1 0.259871 0.781618 0.007427 0.010760
1 0.259962 0.876022 0.009420 0.015627
1 0.292752 0.924569 0.011232 0.012809
1 0.360867 0.924057 0.010507 0.015883
1 0.427533 0.922263 0.011594 0.015883
1 0.460685 0.875382 0.008696 0.013322
1 0.461047 0.780594 0.008696 0.013834
1 0.461591 0.686318 0.008696 0.014346
1 0.427443 0.638155 0.010326 0.015883
1 0.359599 0.638924 0.013043 0.015883
3 0.359780 0.690673 0.014130 0.017421
3 0.406156 0.715387 0.014251 0.025191
0 0.391845 0.734865 0.009058 0.012553
3 0.425631 0.778800 0.013225 0.019982
3 0.406338 0.847073 0.015580 0.020239
3 0.360671 0.872683 0.010809 0.019195
0 0.392026 0.827731 0.008333 0.010247
3 0.315759 0.845132 0.013345 0.017616
0 0.328802 0.827731 0.007609 0.010247
3 0.296556 0.781618 0.013406 0.016396
0 0.329564 0.734485 0.008666 0.013072