2 0.227448 0.298670 0.013168 0.018622
2 0.198803 0.298670 0.013168 0.018622
2 0.256092 0.298670 0.013168 0.018622
2 0.284918 0.299042 0.012168 0.017673
2 0.313694 0.298112 0.012497 0.016743
2 0.341319 0.298577 0.011182 0.019533
2 0.371740 0.298112 0.009537 0.015812
2 0.399859 0.298809 0.012497 0.015347
0 0.199247 0.723654 0.004604 0.011162
0 0.226543 0.724584 0.010524 0.008371
0 0.255648 0.724351 0.005591 0.012557
0 0.284754 0.724351 0.003946 0.011627
0 0.313201 0.725979 0.006249 0.009301
0 0.343128 0.725049 0.006906 0.012092
0 0.370589 0.726444 0.007235 0.012092
0 0.399859 0.724119 0.007893 0.011162