1 0.373250 0.301226 0.005891 0.010711
0 0.382087 0.304440 0.002356 0.004761
0 0.397993 0.304559 0.003198 0.003570
0 0.414657 0.304321 0.003535 0.004523
0 0.431741 0.303607 0.003703 0.003570
0 0.448994 0.305154 0.003871 0.006189
0 0.465658 0.303726 0.003535 0.006665
1 0.474074 0.301118 0.007574 0.011901
0 0.475925 0.288373 0.004208 0.006903
0 0.475673 0.265165 0.002693 0.004285
0 0.476009 0.242314 0.003366 0.004285
0 0.475757 0.218273 0.002188 0.004761
0 0.475420 0.194232 0.003198 0.004761
0 0.476009 0.170667 0.004040 0.004285
1 0.473989 0.158409 0.005723 0.010235
0 0.465153 0.155552 0.003871 0.004523
0 0.448237 0.156742 0.002356 0.003570
0 0.431236 0.155671 0.003366 0.003332
0 0.407419 0.192209 0.004208 0.005951
0 0.438558 0.192804 0.004545 0.006665
0 0.455811 0.185187 0.003366 0.007617
0 0.447900 0.170667 0.002020 0.003332
0 0.423241 0.293609 0.004545 0.004047
0 0.422988 0.299798 0.003703 0.003570
0 0.398835 0.290634 0.002861 0.002856
0 0.391092 0.275757 0.002861 0.005951
0 0.380319 0.264570 0.003198 0.003094
0 0.370893 0.289325 0.003198 0.004047
0 0.371062 0.265403 0.003871 0.006189
0 0.370893 0.242433 0.002188 0.005475
0 0.370725 0.218630 0.002861 0.004523
0 0.370641 0.195065 0.004040 0.003094
0 0.371062 0.170667 0.003198 0.005237
0 0.380740 0.194470 0.002020 0.003332
0 0.377710 0.229817 0.004713 0.005951
0 0.391849 0.230056 0.004040 0.005475
0 0.407840 0.267426 0.004040 0.005475
0 0.438895 0.267426 0.004545 0.007379
0 0.448489 0.290158 0.004208 0.005237
0 0.454969 0.274924 0.004376 0.004761
0 0.454549 0.229817 0.003535 0.006427
0 0.469361 0.230175 0.004208 0.003332
0 0.466078 0.265760 0.003030 0.005951
0 0.467004 0.195303 0.004881 0.004523
0 0.423578 0.166264 0.005555 0.004047
0 0.423662 0.161384 0.004713 0.004285
0 0.414993 0.156147 0.003871 0.005713
0 0.398161 0.155671 0.004881 0.005713
0 0.381918 0.155433 0.003030 0.005713
0 0.398750 0.169477 0.003703 0.004285
0 0.391849 0.184592 0.005386 0.004523
0 0.389649 0.510609 0.003184 0.004663
0 0.389990 0.524840 0.002274 0.003216
0 0.399143 0.525001 0.002388 0.004181
0 0.399314 0.511172 0.003184 0.004502
1 0.394424 0.517524 0.010234 0.013989
0 0.408808 0.519292 0.003070 0.004985
0 0.408751 0.537302 0.003184 0.003698
0 0.425011 0.536900 0.002956 0.003538
0 0.441783 0.536819 0.002615 0.004342
0 0.457872 0.536819 0.002502 0.005306
0 0.458554 0.519614 0.003184 0.005949
0 0.457986 0.502168 0.004776 0.005145
0 0.441953 0.502489 0.002729 0.004824
0 0.424897 0.502650 0.003184 0.005145
0 0.409206 0.502730 0.003411 0.004342
0 0.671065 0.251202 0.002607 0.003981
0 0.661941 0.251054 0.002294 0.003392
0 0.662098 0.238078 0.003650 0.005161
0 0.671430 0.237635 0.003754 0.004571
1 0.666529 0.244050 0.008342 0.013272
0 0.635820 0.263662 0.004275 0.006488
0 0.652191 0.263515 0.003233 0.005309
0 0.651826 0.245893 0.003754 0.004276
0 0.651566 0.229156 0.004067 0.005898
0 0.635038 0.228861 0.002920 0.005309
0 0.619031 0.228861 0.003233 0.004719
0 0.619396 0.263736 0.004171 0.004276
0 0.602973 0.263441 0.002815 0.003981
0 0.602399 0.246409 0.002294 0.004719
0 0.602556 0.229156 0.003233 0.004719
0 0.603388 0.542121 0.003850 0.005158
0 0.603033 0.519914 0.002735 0.005731
0 0.603439 0.496203 0.003749 0.006447
0 0.616204 0.496060 0.004356 0.005301
0 0.630539 0.496705 0.004458 0.006877
0 0.644875 0.495774 0.003749 0.006447
0 0.658096 0.496132 0.003039 0.005158
0 0.672128 0.496203 0.002735 0.006161
0 0.672685 0.518911 0.004255 0.006017
0 0.672026 0.541906 0.003141 0.006161
0 0.658907 0.542408 0.004863 0.006590
0 0.644368 0.541691 0.003749 0.005158
0 0.630742 0.541978 0.003242 0.004012
0 0.617369 0.541978 0.004660 0.004585
1 0.473513 0.804511 0.008067 0.010837
1 0.372446 0.804096 0.009212 0.008867
1 0.373285 0.663058 0.008470 0.014259
1 0.473110 0.660206 0.008873 0.017682
0 0.296231 0.210678 0.006742 0.006976
0 0.296642 0.197191 0.006906 0.007906
0 0.318266 0.197656 0.005098 0.006046
0 0.319334 0.211027 0.005920 0.009999
1 0.373187 0.159171 0.008715 0.012324