1 0.340497 0.394382 0.008222 0.009301
0 0.340991 0.407171 0.007893 0.009767
0 0.351021 0.412055 0.008222 0.011162
0 0.350035 0.393219 0.009537 0.012557
0 0.401832 0.394149 0.007235 0.011627
0 0.455109 0.393917 0.007893 0.013022
0 0.507235 0.393452 0.006906 0.010232
0 0.559526 0.394382 0.006249 0.009301
1 0.570050 0.393452 0.006249 0.011162
0 0.568734 0.406939 0.006249 0.010232
0 0.565610 0.437401 0.007235 0.009767
0 0.557717 0.448563 0.006577 0.011627
0 0.569063 0.470886 0.007564 0.012557
0 0.565117 0.505069 0.006906 0.010232
0 0.568734 0.538787 0.007564 0.010697
0 0.565281 0.574598 0.006577 0.007906
1 0.569392 0.618457 0.006906 0.011162
0 0.569063 0.603200 0.007564 0.009301
0 0.558375 0.596456 0.006577 0.010697
0 0.559855 0.616919 0.006249 0.009767
0 0.536011 0.612036 0.006577 0.008371
0 0.507235 0.616687 0.005591 0.010232
0 0.455876 0.617966 0.007400 0.008914
0 0.402298 0.617384 0.006029 0.010077
0 0.350774 0.617191 0.006029 0.007364
1 0.340497 0.617578 0.006851 0.012014
0 0.340771 0.603820 0.007400 0.011627
0 0.341593 0.539678 0.007400 0.011239
0 0.350774 0.564482 0.006577 0.013565
0 0.377084 0.583667 0.008222 0.012402
0 0.393829 0.563857 0.007126 0.011228
0 0.435666 0.564720 0.008143 0.014683
0 0.477911 0.564720 0.007533 0.010077
0 0.488192 0.595814 0.008143 0.013531
0 0.478623 0.508579 0.007329 0.012956
0 0.437092 0.485403 0.008551 0.010940
0 0.350771 0.513474 0.007736 0.012380
0 0.341304 0.471440 0.007940 0.010652
0 0.350771 0.461939 0.010179 0.013531
0 0.422840 0.406950 0.008958 0.013531
0 0.380596 0.406806 0.008754 0.009789
0 0.466001 0.407814 0.006922 0.012380
0 0.513131 0.415731 0.007533 0.009213
0 0.478420 0.453158 0.006108 0.011516
0 0.487581 0.450135 0.007736 0.011804
0 0.379578 0.236944 0.004275 0.005758
0 0.379069 0.257960 0.005293 0.006910
0 0.393931 0.257529 0.004072 0.006046
0 0.393524 0.237375 0.004072 0.008349
0 0.543364 0.235936 0.002443 0.004319
0 0.543771 0.254074 0.004072 0.003743
0 0.502239 0.253642 0.004072 0.006910
0 0.502138 0.236080 0.003868 0.004031
0 0.392433 0.486848 0.010029 0.011569
0 0.379735 0.897779 0.005561 0.005898
0 0.393725 0.898025 0.003650 0.005407
0 0.393725 0.877749 0.003997 0.006636
0 0.379213 0.877749 0.004171 0.006144
0 0.502433 0.880330 0.003823 0.005898
0 0.502346 0.897902 0.004345 0.004670
0 0.543448 0.898025 0.004519 0.005898
0 0.543448 0.880575 0.003476 0.006390