0 0.153015 0.421932 0.005069 0.008726
1 0.150701 0.398871 0.007934 0.014959
1 0.158635 0.400585 0.008374 0.015271
1 0.153015 0.377055 0.011239 0.015582
0 0.152897 0.511472 0.003985 0.005892
0 0.311417 0.355477 0.004978 0.011181
0 0.310831 0.524639 0.008492 0.007454
2 0.366847 0.337398 0.011638 0.013771
2 0.366503 0.542926 0.010047 0.013906
2 0.424861 0.543833 0.010475 0.016929
2 0.483433 0.543531 0.012185 0.018138
2 0.424837 0.337565 0.011263 0.013327
2 0.483335 0.337565 0.011493 0.013327
0 0.840606 0.392773 0.009305 0.015293
0 0.670347 0.510669 0.003772 0.005690
0 0.670221 0.422292 0.004527 0.003912
1 0.670221 0.377658 0.008551 0.012092
1 0.664563 0.400242 0.007796 0.011025
1 0.672359 0.400242 0.006790 0.008891
2 0.307003 0.714006 0.006316 0.007901
2 0.312064 0.147823 0.008551 0.009573