2 0.244802 0.235412 0.007493 0.009038
2 0.244692 0.253799 0.009035 0.011531
2 0.244935 0.272809 0.008595 0.009661
2 0.245133 0.291976 0.008154 0.011219
2 0.244582 0.311298 0.008815 0.011219
0 0.259788 0.301325 0.005289 0.006856
0 0.259017 0.272809 0.006832 0.008414
0 0.259237 0.244761 0.005950 0.008414
2 0.365129 0.293690 0.006171 0.007168
2 0.365129 0.302416 0.006611 0.007168
2 0.365459 0.312077 0.006391 0.008414
2 0.372732 0.293378 0.006391 0.007791
2 0.372732 0.302883 0.005950 0.006233
2 0.373283 0.313324 0.005730 0.009661
0 0.319731 0.250371 0.003085 0.004675
0 0.319731 0.262213 0.003967 0.007791
0 0.326563 0.250215 0.004408 0.007480
0 0.326342 0.262525 0.004848 0.007168
0 0.409149 0.311964 0.006108 0.009357
0 0.409404 0.232611 0.006617 0.009717
0 0.461955 0.232791 0.007889 0.011516
0 0.463609 0.311964 0.006108 0.012236
0 0.516541 0.312504 0.005090 0.009717
0 0.516414 0.233151 0.007889 0.010077
0 0.570110 0.233151 0.004835 0.008637
0 0.570110 0.312863 0.006871 0.009717
2 0.606502 0.312324 0.004835 0.007917
2 0.614645 0.312684 0.005853 0.008637
2 0.606543 0.303276 0.005229 0.006742
2 0.606313 0.293490 0.005998 0.008482
2 0.614694 0.293924 0.005229 0.008047
2 0.614310 0.303602 0.004460 0.007829
0 0.652309 0.249547 0.004489 0.005139
0 0.652309 0.262999 0.005344 0.006651
0 0.659470 0.250302 0.005130 0.005441
0 0.659684 0.262696 0.004703 0.006046
0 0.719966 0.244710 0.003848 0.007557
0 0.719431 0.272823 0.006199 0.006348
0 0.719538 0.301693 0.005558 0.008464
2 0.734181 0.235641 0.007482 0.009371
2 0.734502 0.254686 0.006841 0.010580
2 0.733968 0.273277 0.008337 0.011487
2 0.733861 0.292624 0.008123 0.009674
2 0.734288 0.311518 0.006841 0.009976
0 0.326085 0.665439 0.003985 0.006917
0 0.319019 0.665311 0.003623 0.005636
0 0.319472 0.653270 0.003080 0.007686
0 0.326628 0.652886 0.003985 0.007429
0 0.364943 0.621759 0.005254 0.007173
0 0.373105 0.621854 0.002729 0.005360
0 0.364463 0.612849 0.002123 0.005789
0 0.372498 0.611563 0.004245 0.006646
0 0.364766 0.602665 0.004851 0.005574
0 0.372650 0.602665 0.004548 0.006432
0 0.486240 0.652816 0.003930 0.005779
0 0.486240 0.666152 0.005187 0.005779
0 0.492763 0.652705 0.004087 0.005112
0 0.492842 0.665708 0.004244 0.005779
0 0.652617 0.664930 0.004401 0.006446
0 0.652853 0.652371 0.003301 0.005779
0 0.659061 0.652038 0.004087 0.006446
0 0.659297 0.664597 0.003930 0.006668
0 0.733487 0.678822 0.008016 0.013337
0 0.735058 0.661373 0.008331 0.009113
0 0.734430 0.642702 0.008331 0.009113
0 0.734037 0.624142 0.008802 0.010669
0 0.733879 0.604693 0.009431 0.010447
0 0.614500 0.621586 0.004873 0.007780
0 0.605698 0.622142 0.005816 0.007557
0 0.605934 0.612806 0.006287 0.007113
0 0.614186 0.612028 0.004558 0.004668
0 0.606012 0.602248 0.004558 0.004668
0 0.614029 0.601914 0.004873 0.005779
0 0.244972 0.602486 0.009943 0.009842
0 0.245469 0.622170 0.008948 0.012654
0 0.243480 0.641503 0.011931 0.013357
0 0.244972 0.661891 0.012925 0.011951
0 0.244723 0.681927 0.009445 0.011248