0 0.736479 0.290103 0.004372 0.008588
0 0.736965 0.384055 0.007773 0.009619
0 0.737087 0.479554 0.007045 0.011680
0 0.313261 0.822277 0.008846 0.007297
0 0.381691 0.822277 0.005160 0.010772
0 0.448401 0.822798 0.007863 0.013899
0 0.241230 0.181378 0.009001 0.012728
0 0.251074 0.171832 0.011813 0.015910
0 0.242636 0.586696 0.010688 0.016706
0 0.249949 0.598629 0.007313 0.011933
0 0.514626 0.597833 0.010126 0.016706
0 0.521939 0.585105 0.011251 0.019888
0 0.523627 0.180185 0.011251 0.016706
0 0.510970 0.171037 0.016314 0.014319
4 0.265578 0.153895 0.071739 0.082491