0 0.602617 0.383653 0.005219 0.007230
0 0.602384 0.404401 0.006171 0.010162
1 0.372809 0.215236 0.010175 0.014389
1 0.503206 0.215236 0.009577 0.013543
1 0.469004 0.304716 0.010175 0.014389
1 0.503206 0.230955 0.010175 0.014389
1 0.407012 0.141475 0.009577 0.013543
1 0.399715 0.125879 0.011166 0.011281
1 0.372809 0.230955 0.010175 0.014389
1 0.407012 0.304716 0.009577 0.013543
0 0.619143 0.406034 0.007302 0.010319
2 0.458658 0.753721 0.009897 0.014022
1 0.468576 0.140871 0.008380 0.011850
0 0.639227 0.402205 0.005030 0.006983
0 0.617815 0.382338 0.005101 0.006183
0 0.639434 0.383712 0.005587 0.006183
0 0.652552 0.384570 0.004615 0.008588
0 0.653523 0.403292 0.004130 0.006183
1 0.438780 0.333515 0.008523 0.011064
1 0.476504 0.318795 0.005728 0.010867
1 0.505984 0.278785 0.007964 0.011064
1 0.400568 0.318005 0.010060 0.012052
1 0.370738 0.277600 0.009640 0.012645
1 0.360818 0.224550 0.008243 0.012448
1 0.371367 0.168141 0.008383 0.011064
1 0.515764 0.223364 0.008243 0.010867
1 0.505635 0.168042 0.007824 0.009681
1 0.476713 0.128427 0.008383 0.011064
1 0.437942 0.113609 0.009082 0.010274
1 0.419476 0.455190 0.009866 0.013720
2 0.448391 0.779579 0.006089 0.010825
2 0.427780 0.780044 0.008715 0.011394
2 0.417667 0.754232 0.007564 0.009999
0 0.421778 0.740978 0.004604 0.003953
0 0.438057 0.781904 0.003618 0.005348
0 0.455734 0.741443 0.003453 0.006744
2 0.448170 0.730513 0.008386 0.013720
2 0.428273 0.729467 0.011346 0.013952
0 0.437771 0.820260 0.005850 0.006523
0 0.397325 0.787167 0.005738 0.006205
0 0.478331 0.787644 0.004163 0.004932
0 0.478781 0.722252 0.005063 0.006841
0 0.438503 0.688045 0.004613 0.007160
0 0.397943 0.722014 0.006075 0.005728
2 0.406623 0.836237 0.013020 0.014290
1 0.398947 0.849703 0.008551 0.011542
1 0.437911 0.864268 0.008356 0.012092
2 0.469198 0.836237 0.011077 0.014290
1 0.476389 0.848604 0.007968 0.012092
1 0.505538 0.808893 0.008745 0.013466
1 0.515935 0.754479 0.007385 0.012916
2 0.503309 0.763831 0.012632 0.015939
2 0.503595 0.746922 0.011077 0.013191
1 0.505247 0.699242 0.010105 0.012916
2 0.469393 0.672584 0.011077 0.011817
1 0.477555 0.660218 0.008745 0.012916
1 0.438688 0.645927 0.011854 0.011817
1 0.398655 0.658844 0.008356 0.011267
2 0.406623 0.673958 0.009911 0.014565
1 0.360469 0.754617 0.008162 0.010993
1 0.371643 0.809855 0.009522 0.011542
2 0.373295 0.763411 0.008551 0.010443
2 0.373100 0.746922 0.010494 0.012642
1 0.371254 0.700066 0.009522 0.011817