0 0.240759 0.197190 0.009058 0.012297
0 0.250179 0.183612 0.008333 0.010760
0 0.240940 0.590945 0.007971 0.009735
0 0.252353 0.606060 0.009058 0.011272
0 0.506156 0.606060 0.008696 0.010247
0 0.515032 0.591714 0.009058 0.014346
0 0.515214 0.196934 0.006522 0.013834
0 0.504163 0.183356 0.011956 0.011272
0 0.378351 0.514803 0.007493 0.010596
0 0.334496 0.501247 0.007934 0.010284
0 0.302982 0.455279 0.010578 0.012466
0 0.290861 0.394040 0.005730 0.007168
0 0.302872 0.332334 0.006832 0.008414
0 0.334386 0.288236 0.005069 0.007480
0 0.378021 0.270784 0.006391 0.008103
0 0.421105 0.287924 0.006611 0.006856
0 0.452839 0.332646 0.006611 0.009661
0 0.464519 0.394819 0.008815 0.013089
0 0.451958 0.455590 0.007934 0.009973
0 0.420113 0.500467 0.007272 0.010596
0 0.309566 0.801835 0.006334 0.008584
0 0.444819 0.801461 0.006070 0.007091
0 0.378050 0.802021 0.005542 0.007464
0 0.310621 0.903907 0.004223 0.010450
0 0.378050 0.903907 0.003959 0.008211
0 0.444819 0.903907 0.004486 0.006718
0 0.736083 0.298020 0.009680 0.009696
0 0.735680 0.395839 0.008873 0.011407
0 0.735478 0.490520 0.008470 0.012548
4 0.263618 0.158711 0.080080 0.085641