3 0.572039 0.467956 0.010774 0.015236
3 0.572039 0.407497 0.010774 0.015236
3 0.902950 0.407497 0.010774 0.015236
3 0.902950 0.467956 0.010774 0.015236
3 0.902950 0.548368 0.010175 0.014389
3 0.569923 0.326819 0.012319 0.018445
1 0.582061 0.321440 0.010507 0.014859
0 0.593836 0.339629 0.008696 0.007173
0 0.588402 0.353206 0.010869 0.014859
0 0.589307 0.409055 0.007609 0.008710
1 0.580283 0.415715 0.007609 0.009735
1 0.580612 0.458242 0.006884 0.012809
0 0.591662 0.466440 0.008696 0.011784
0 0.589126 0.520751 0.007246 0.010760
3 0.571554 0.548675 0.014130 0.014346
1 0.581336 0.555592 0.009783 0.013834
0 0.593112 0.538428 0.005797 0.011272
0 0.595648 0.311961 0.008696 0.009223
0 0.623727 0.308118 0.006884 0.012809
0 0.668473 0.339885 0.007971 0.014859
0 0.667568 0.538684 0.011232 0.015883
0 0.738400 0.538171 0.010145 0.014859
0 0.737313 0.336298 0.007971 0.013834
0 0.808509 0.338860 0.006884 0.011784
0 0.807422 0.538171 0.006884 0.008710
1 0.894015 0.556104 0.008333 0.010760
0 0.883146 0.538940 0.007609 0.008198
0 0.887131 0.519726 0.005435 0.007686
0 0.886044 0.466184 0.006884 0.012297
1 0.895102 0.461060 0.006159 0.009223
1 0.894196 0.415715 0.007971 0.010760
0 0.885682 0.409567 0.007609 0.007686
0 0.886769 0.356281 0.006884 0.006661
0 0.882059 0.338092 0.006884 0.008198
1 0.894559 0.320927 0.007971 0.010760
3 0.903798 0.326819 0.009058 0.013322
3 0.097825 0.547906 0.016667 0.017933
1 0.109419 0.556455 0.010145 0.015371
0 0.121376 0.538684 0.009420 0.013834
0 0.117390 0.521007 0.012319 0.013322
3 0.100724 0.470539 0.013768 0.021007
1 0.108695 0.460291 0.012319 0.014859
0 0.118115 0.466440 0.013043 0.017933
0 0.116847 0.409823 0.008333 0.015371
3 0.098550 0.408286 0.011594 0.018445
1 0.109057 0.416740 0.008696 0.012809
3 0.099275 0.329381 0.011594 0.018445
1 0.107970 0.321952 0.008696 0.010760
0 0.117934 0.351669 0.009058 0.017933
0 0.121738 0.335786 0.010145 0.010760
0 0.195832 0.339372 0.012681 0.017933
0 0.265034 0.339885 0.010507 0.011784
0 0.334237 0.338348 0.008333 0.014859
0 0.408874 0.335530 0.008333 0.010247
1 0.422280 0.320159 0.007609 0.011272
3 0.431519 0.327588 0.011594 0.022032
0 0.413765 0.355256 0.007971 0.009735
0 0.413765 0.410848 0.008696 0.009223
1 0.423004 0.415203 0.006159 0.010760
3 0.430794 0.408542 0.011594 0.022032
0 0.413584 0.466696 0.007609 0.010247
1 0.422823 0.460035 0.007246 0.014346
3 0.431700 0.468489 0.013406 0.015883
0 0.414852 0.519982 0.010145 0.011272
0 0.410142 0.537915 0.010145 0.009223
1 0.421917 0.557641 0.005435 0.011784
3 0.431519 0.550212 0.013043 0.018445
0 0.334961 0.538428 0.008333 0.007173
0 0.266484 0.537403 0.008333 0.010247
0 0.196557 0.535353 0.009058 0.015371
0 0.380126 0.309506 0.005920 0.010697
0 0.407916 0.309506 0.009537 0.012557