1 0.261360 0.162271 0.009680 0.015400
1 0.261763 0.414090 0.008873 0.010267
1 0.262368 0.288323 0.010083 0.016541
1 0.733260 0.248682 0.012100 0.021674
1 0.731848 0.164267 0.010083 0.020533
1 0.729025 0.333098 0.013310 0.020533
1 0.731243 0.422931 0.012100 0.019963
1 0.844378 0.163274 0.011876 0.015955
1 0.844675 0.285873 0.006532 0.019313
1 0.845862 0.413509 0.007719 0.017634
1 0.843487 0.539886 0.010095 0.015115
1 0.262458 0.541986 0.011876 0.017634
2 0.321861 0.793229 0.010332 0.019649
2 0.321683 0.914903 0.012113 0.019146
2 0.557183 0.911880 0.009976 0.019146
2 0.557539 0.823710 0.012113 0.014107
2 0.602074 0.914651 0.016389 0.021665
2 0.602252 0.791717 0.014607 0.017634