2 0.429526 0.166960 0.011232 0.018445
2 0.429345 0.186943 0.012319 0.019470
2 0.429526 0.206925 0.014130 0.014346
2 0.357968 0.208462 0.010145 0.015371
2 0.357244 0.186687 0.010145 0.017933
2 0.357063 0.167217 0.011956 0.014859
1 0.358263 0.801859 0.005886 0.011829
1 0.357489 0.821574 0.005577 0.008324
1 0.357334 0.842166 0.007745 0.008324
1 0.429054 0.801859 0.005577 0.010077
1 0.428744 0.820041 0.004957 0.010515
1 0.429364 0.841509 0.008055 0.010515
0 0.260519 0.782363 0.005577 0.007886
0 0.260674 0.754762 0.003408 0.005257
0 0.260210 0.665387 0.004957 0.006134
0 0.260519 0.634500 0.003718 0.005695
0 0.349589 0.632529 0.004647 0.007010
0 0.350054 0.663416 0.004337 0.008324
0 0.349124 0.753229 0.007435 0.010953
0 0.349124 0.783240 0.006196 0.008762
0 0.437419 0.784116 0.003098 0.007010
0 0.438813 0.755200 0.007126 0.006134
0 0.437109 0.666702 0.003098 0.008762
0 0.436954 0.634939 0.006506 0.006572
0 0.525249 0.634062 0.004647 0.007448
0 0.526179 0.664511 0.003408 0.008762
0 0.526798 0.753667 0.005267 0.008324
0 0.526179 0.783678 0.004647 0.006134