1 0.298679 0.403223 0.008907 0.017214
1 0.266318 0.355779 0.008907 0.012176
1 0.365630 0.404902 0.009798 0.008817
1 0.432877 0.404902 0.010688 0.016374
1 0.466872 0.355149 0.010985 0.015955
1 0.466130 0.260681 0.010095 0.010916
3 0.388480 0.328747 0.016032 0.018894
3 0.344550 0.328488 0.020486 0.020573
3 0.420556 0.261311 0.015142 0.018894
3 0.389199 0.195774 0.018568 0.023918
3 0.343762 0.195709 0.016261 0.019396
3 0.314175 0.262693 0.021719 0.021851
1 0.321095 0.233390 0.021674 0.020993
1 0.321541 0.294270 0.024346 0.020153
1 0.412243 0.292170 0.016923 0.026871
1 0.412540 0.231081 0.022861 0.029810
1 0.265575 0.262151 0.008016 0.007977
1 0.266169 0.167893 0.008016 0.018474
1 0.298382 0.121498 0.012470 0.015535
1 0.364888 0.120659 0.012470 0.009657
1 0.433323 0.121498 0.008016 0.018894
1 0.466278 0.166633 0.010391 0.014275
1 0.320222 0.693168 0.017956 0.029625
1 0.322574 0.753628 0.026080 0.025998
1 0.412569 0.756348 0.020522 0.027811
1 0.413024 0.693470 0.023514 0.024184
3 0.298958 0.865636 0.014760 0.021953
3 0.366396 0.866716 0.015778 0.018354
3 0.434470 0.866536 0.017050 0.024472
3 0.468229 0.818312 0.016796 0.023032
1 0.388790 0.791681 0.007635 0.011516
1 0.344383 0.792761 0.010434 0.012956
3 0.265747 0.819572 0.017050 0.023392
3 0.266638 0.724384 0.015778 0.024472
3 0.265366 0.627937 0.015778 0.020153
3 0.298028 0.581042 0.015015 0.019433
3 0.366523 0.582232 0.012470 0.017274
3 0.433834 0.581692 0.016796 0.023392
3 0.467808 0.629196 0.013997 0.023392
1 0.389808 0.657986 0.010179 0.010436
1 0.344510 0.656727 0.009670 0.011516
1 0.314608 0.725823 0.009416 0.012236
1 0.418183 0.726543 0.009925 0.010796
3 0.467044 0.724564 0.012979 0.021953
4 0.409914 0.112240 0.087858 0.115023
4 0.411364 0.878988 0.102498 0.134871