3 0.291977 0.140707 0.019150 0.022043
3 0.258747 0.188886 0.023158 0.020153
3 0.260751 0.285558 0.017369 0.025821
3 0.260305 0.381600 0.022713 0.026451
3 0.293261 0.428834 0.019150 0.028970
3 0.361176 0.429779 0.019595 0.023302
3 0.428201 0.430094 0.017369 0.023932
3 0.463384 0.384119 0.020931 0.030230
3 0.461157 0.283039 0.012024 0.020783
3 0.461602 0.186366 0.023603 0.026451
3 0.426642 0.141022 0.022267 0.018894
3 0.361176 0.142281 0.017814 0.017634
0 0.361176 0.197703 0.012470 0.017634
0 0.316642 0.221005 0.010688 0.015115
0 0.295933 0.285873 0.011134 0.010077
0 0.328666 0.262571 0.008907 0.012596
0 0.327775 0.306970 0.009798 0.011966
0 0.313747 0.347907 0.012915 0.013226
0 0.360063 0.375302 0.007571 0.017634
0 0.405711 0.347592 0.015142 0.012596
0 0.391460 0.306970 0.010688 0.014485
0 0.423748 0.282094 0.012024 0.021413
0 0.391905 0.263515 0.007126 0.009447
0 0.405934 0.219745 0.008462 0.017634
1 0.260973 0.877242 0.011579 0.013855
1 0.293484 0.925106 0.010688 0.020153
1 0.360063 0.924791 0.012024 0.019523
1 0.426642 0.923846 0.013360 0.017634
1 0.461157 0.872204 0.012915 0.018894
3 0.406156 0.843548 0.014251 0.023302
1 0.462716 0.783404 0.008907 0.013855
3 0.424825 0.781428 0.015070 0.018842
1 0.391683 0.802612 0.008462 0.013226
3 0.361844 0.871574 0.012915 0.017634
3 0.314860 0.844178 0.016923 0.020783
3 0.296756 0.781200 0.013360 0.022043
1 0.328718 0.803872 0.009798 0.008187
1 0.258747 0.781829 0.008907 0.013226
1 0.260305 0.688621 0.008462 0.014485
3 0.313970 0.715387 0.015142 0.020153
1 0.295042 0.640127 0.012024 0.017004
1 0.359172 0.637923 0.008462 0.020153
3 0.361622 0.691140 0.020486 0.023302
1 0.390813 0.758055 0.009311 0.011652
3 0.406379 0.717276 0.011134 0.023932
1 0.459821 0.687676 0.007571 0.013855
1 0.427756 0.640442 0.007571 0.018894
1 0.328738 0.756447 0.008451 0.015466