1 0.200086 0.241838 0.013168 0.018622
1 0.513467 0.731560 0.013168 0.018622
1 0.200086 0.306530 0.013168 0.018622
1 0.200086 0.666868 0.011372 0.016082
1 0.200086 0.731560 0.011372 0.016082
1 0.513467 0.241838 0.013168 0.018622
1 0.513467 0.306530 0.013168 0.018622
1 0.273901 0.213701 0.007893 0.012557
0 0.212895 0.259743 0.006906 0.010697
0 0.212731 0.284160 0.004604 0.008371
0 0.212731 0.219980 0.003946 0.004651
0 0.253511 0.219049 0.003946 0.005581
0 0.254333 0.259046 0.005591 0.009301
0 0.254004 0.285090 0.005591 0.004651
1 0.275381 0.306251 0.007564 0.014417
0 0.295442 0.285787 0.004933 0.008836
0 0.295442 0.259976 0.005591 0.008371
0 0.294949 0.220445 0.003946 0.006511
0 0.336386 0.219049 0.005262 0.006511
0 0.337044 0.260906 0.005262 0.010232
0 0.336057 0.285090 0.006577 0.007441
1 0.356283 0.306716 0.010195 0.015347
0 0.377989 0.286252 0.006906 0.007906
0 0.377824 0.260906 0.007893 0.010232
0 0.377495 0.218352 0.004604 0.007906
0 0.419098 0.220910 0.004275 0.006511
0 0.418933 0.259046 0.006577 0.011162
0 0.418111 0.284625 0.005591 0.008371
1 0.439323 0.307181 0.009208 0.018138
1 0.439684 0.212306 0.011182 0.015347
0 0.460371 0.219747 0.003946 0.006046
0 0.459549 0.260673 0.006906 0.007906
0 0.460207 0.286020 0.004933 0.005581
0 0.501151 0.285090 0.005920 0.002790
0 0.501973 0.260673 0.005591 0.012557
0 0.500000 0.219514 0.004275 0.005581
1 0.274887 0.761790 0.009866 0.013952
1 0.274723 0.666450 0.011511 0.013952
1 0.357763 0.664589 0.011182 0.016743
1 0.356612 0.760627 0.008880 0.013487
1 0.439816 0.668077 0.008880 0.013487
1 0.440145 0.760394 0.008880 0.014882
1 0.513813 0.667612 0.011511 0.016278
2 0.513648 0.712724 0.009208 0.009767
2 0.200727 0.714817 0.007564 0.010232
1 0.357465 0.212817 0.010688 0.015955
1 0.501312 0.689356 0.013360 0.019313
1 0.501461 0.752964 0.013064 0.021413
1 0.460043 0.753594 0.015142 0.019313
1 0.418775 0.753594 0.012767 0.018474
1 0.377654 0.754014 0.013657 0.017634
1 0.335643 0.753804 0.013954 0.018054
1 0.295710 0.754224 0.014845 0.018894
1 0.255778 0.752334 0.016329 0.020993
1 0.212134 0.753804 0.015142 0.021413
1 0.212431 0.689146 0.017517 0.020573
1 0.253402 0.688516 0.021674 0.020153
1 0.295859 0.687466 0.018111 0.024772
1 0.336237 0.690195 0.017517 0.026871
1 0.377357 0.689356 0.016626 0.023512
1 0.419220 0.688306 0.014251 0.023932
1 0.459301 0.689356 0.014845 0.019313
1 0.500661 0.689325 0.005289 0.005610
1 0.500661 0.753525 0.004408 0.003740
1 0.459891 0.754460 0.003526 0.005610
1 0.459891 0.689325 0.003967 0.007480
1 0.418460 0.754148 0.005289 0.006856
1 0.377470 0.754771 0.003967 0.004986
1 0.336700 0.753213 0.004408 0.006233
1 0.294938 0.753681 0.004187 0.005298
1 0.253948 0.753525 0.003746 0.006856
1 0.213068 0.753992 0.006171 0.007791
1 0.213399 0.689170 0.005509 0.007791
1 0.254499 0.689014 0.004848 0.005610
1 0.295159 0.689170 0.004628 0.008414
1 0.336149 0.688391 0.004628 0.006856
1 0.377470 0.689170 0.004408 0.007168
1 0.418901 0.689170 0.003967 0.007168